Price,Close,High,Low,Open,Volume
Ticker,IBM,IBM,IBM,IBM,IBM
Date,,,,,
2024-06-06,166.74163818359375,166.9795627366813,165.35378277347343,165.92875576523457,2207100
2024-06-07,168.5359344482422,169.82466591223127,166.60284481550295,166.72179952321343,3475500
2024-06-10,168.90274047851562,169.2794354369123,167.4157460926895,168.0799351031798,3444700
2024-06-11,167.85194396972656,168.52604087250134,165.36369686177306,168.5062100440403,2951300
2024-06-12,167.53469848632812,170.9746133280896,166.64250791776573,169.86432904250282,3522700
2024-06-13,167.65365600585938,168.11958212490578,166.88042013307796,167.54460914551896,3525700
2024-06-14,167.74288940429688,168.00062965650108,165.78004589197099,166.83085285482804,2777700
2024-06-17,168.03036499023438,168.24845870948536,166.0477058163083,167.29677565034567,3239800
2024-06-18,169.07127380371094,169.26953670720616,166.92009029148335,168.5260394742316,3386400
2024-06-20,172.41204833984375,172.7689276135775,169.7354613500856,172.57066471183427,4723100
2024-06-21,170.96470642089844,173.4430303766743,169.9138843573987,172.46160864465102,10182000
2024-06-24,173.49258422851562,176.91268337830672,172.64004018525435,173.4826763782586,4864700
2024-06-25,171.10350036621094,174.22618265335657,169.933723535822,173.62147097336927,4119300
2024-06-26,170.37982177734375,171.18279637206103,168.93248896196172,169.7949409153262,2779000
2024-06-27,169.36866760253906,171.004355386071,169.00186536584323,169.6363157025059,2894000
2024-06-28,171.45045471191406,171.95604249894416,169.05143884727752,169.3686715863152,4193300
2024-07-01,173.58181762695312,174.93002647726595,171.87672951842546,171.94611472409795,3321000
2024-07-02,175.7627410888672,175.95109613308787,172.80858311656036,173.3240636174399,2883300
2024-07-03,174.2063446044922,176.43683618185403,173.65120245436484,176.33771229875364,1649000
2024-07-05,174.49383544921875,174.56322065346484,172.44177597504788,174.2162643792568,2086000
2024-07-08,176.09979248046875,177.04155259090183,174.48392036500104,174.88046128751833,2503000
2024-07-09,174.94984436035156,176.15926768791653,174.0576537669299,176.06014380336373,2512700
2024-07-10,176.2980499267578,176.6747600098777,172.9374432356038,175.0688109211902,3462200
2024-07-11,176.76397705078125,177.88418432972028,175.08862762080702,176.1096958899944,2806800
2024-07-12,181.2447967529297,182.56326696644138,176.95233767099788,177.01181502812793,4785600
2024-07-15,181.2943572998047,183.29683214783947,181.01678622925553,181.7900220867123,2925700
2024-07-16,184.19895935058594,184.9821182428129,182.9201507611828,183.06884415768667,3374500
2024-07-17,185.82473754882812,186.31049451680417,183.46538329727696,183.83217042272406,4225300
2024-07-18,183.61407470703125,187.82722562141348,183.49511999227832,185.0217609620696,3487800
2024-07-19,181.66114807128906,185.3786340481913,180.37241657399846,184.7144450354968,3816000
2024-07-22,182.5533447265625,183.36624228126217,181.27453616363238,181.80984750645462,2488500
2024-07-23,182.5037841796875,183.77268484901018,181.42322342684358,182.76152442841303,2180200
2024-07-24,182.4244842529297,183.46538339831454,181.56201718170175,182.5434389690343,6962100
2024-07-25,190.31546020507812,194.5583498575765,183.69338546525933,185.18037992645705,9532800
2024-07-26,190.0874481201172,191.89167522739575,187.9759112614094,188.85819398791128,4294900
2024-07-29,189.83961486816406,191.61408816349592,187.53972297823714,191.5050413044651,3336800
2024-07-30,189.38360595703125,191.09861710888666,187.45051620283414,189.81979341469415,3065000
2024-07-31,190.4740753173828,192.86318336625334,188.34272265436755,189.34396013941137,5558400
2024-08-01,188.0155792236328,191.96106687296339,186.65744735920177,191.13826147377947,4085400
2024-08-02,187.48025512695312,187.61904067034658,184.0899096013503,187.14320668249613,4548800
2024-08-05,181.7206268310547,183.65371652868532,180.233632428802,182.94988098245304,4975000
2024-08-06,185.1803741455078,187.26215725030175,182.04776894802046,183.09857591422445,3632500
2024-08-07,185.1803741455078,188.2237481819766,185.08123513392692,186.44927483599824,3801900
2024-08-08,190.94000244140625,191.20766567944952,185.37864255955986,185.87430737923782,3712700
2024-08-09,191.4499969482422,192.6300048828125,189.0399932861328,191.17999267578125,2773700
2024-08-12,189.47999572753906,191.5800018310547,189.0,191.25,2290300
2024-08-13,190.99000549316406,191.30999755859375,189.2100067138672,190.2899932861328,2178900
2024-08-14,192.32000732421875,193.08999633789062,190.72999572753906,191.14999389648438,1895100
2024-08-15,193.9499969482422,194.25,193.27999877929688,193.50999450683594,2472000
2024-08-16,193.77999877929688,194.35000610351562,192.86000061035156,193.5800018310547,2494400
2024-08-19,194.72999572753906,195.52999877929688,193.72000122070312,193.83999633789062,2361400
2024-08-20,196.02999877929688,196.2100067138672,193.75,194.58999633789062,1790400
2024-08-21,197.2100067138672,197.3300018310547,194.1199951171875,195.97000122070312,2579300
2024-08-22,195.9600067138672,197.9199981689453,195.57000732421875,197.25,1969500
2024-08-23,196.10000610351562,197.3800048828125,194.38999938964844,196.7899932861328,2322000
2024-08-26,197.97999572753906,198.35000610351562,195.89999389648438,196.0,2567200
2024-08-27,198.72999572753906,199.39999389648438,196.97000122070312,197.44000244140625,2617100
2024-08-28,198.4600067138672,200.0,197.49000549316406,199.0,2645200
2024-08-29,198.89999389648438,201.1199951171875,198.27000427246094,199.3000030517578,2989600
2024-08-30,202.1300048828125,202.1699981689453,198.72999572753906,199.11000061035156,4751000
2024-09-03,201.27999877929688,204.72000122070312,200.2100067138672,201.91000366210938,3874700
2024-09-04,204.11000061035156,204.36000061035156,200.5,200.75999450683594,3142500
2024-09-05,202.58999633789062,205.9499969482422,200.9600067138672,204.0800018310547,3229200
2024-09-06,200.74000549316406,204.10000610351562,199.33999633789062,202.3800048828125,3304500
2024-09-09,203.52999877929688,205.0500030517578,201.42999267578125,201.94000244140625,3705000
2024-09-10,205.32000732421875,205.8300018310547,202.8699951171875,204.1999969482422,3070600
2024-09-11,209.88999938964844,210.1199951171875,203.0399932861328,207.75999450683594,5554300
2024-09-12,211.61000061035156,212.64999389648438,208.27000427246094,210.0,4616400
2024-09-13,214.7899932861328,216.08999633789062,212.1300048828125,212.47999572753906,4572300
2024-09-16,217.16000366210938,217.89999389648438,215.52000427246094,215.8800048828125,4176100
2024-09-17,214.1300048828125,218.83999633789062,213.0,217.25,5635200
2024-09-18,214.94000244140625,216.86000061035156,213.58999633789062,214.1300048828125,3482800
2024-09-19,213.88999938964844,218.47999572753906,210.3699951171875,218.00999450683594,5279600
2024-09-20,217.6999969482422,217.85000610351562,213.74000549316406,214.3300018310547,9958800
2024-09-23,220.5,220.6199951171875,217.27000427246094,218.0,4074800
2024-09-24,220.97000122070312,221.19000244140625,218.16000366210938,219.77999877929688,3183900
2024-09-25,221.22999572753906,221.85000610351562,220.16000366210938,221.1699981689453,2537800
2024-09-26,223.42999267578125,224.0,221.36000061035156,222.11000061035156,2673200
2024-09-27,220.83999633789062,224.14999389648438,220.77000427246094,223.0,3830300
2024-09-30,221.0800018310547,221.32000732421875,219.02000427246094,220.64999389648438,3543400
2024-10-01,219.35000610351562,221.10000610351562,215.89999389648438,220.6300048828125,3548400
2024-10-02,219.72999572753906,220.1999969482422,215.8000030517578,218.30999755859375,3343400
2024-10-03,222.72000122070312,222.8300018310547,219.27000427246094,219.5,3788300
2024-10-04,226.0,226.0800018310547,223.27000427246094,223.75,3553800
2024-10-07,227.1199951171875,227.6699981689453,225.02000427246094,225.3800048828125,3458000
2024-10-08,228.6199951171875,229.35000610351562,227.0399932861328,228.11000061035156,3245100
2024-10-09,234.3000030517578,234.9499969482422,228.5,229.1999969482422,5083600
